[gd_scene load_steps=9 format=3 uid="uid://b4otp0fr7nkid"]

[ext_resource type="Material" uid="uid://cvnexcae04fnr" path="res://Resources/Materials/background_material.tres" id="1_1aeqb"]
[ext_resource type="PackedScene" uid="uid://bqudd6olukknw" path="res://Scripts/MapElements/Hex/hex_tile.tscn" id="1_dqcxa"]
[ext_resource type="Script" path="res://Scripts/MapElements/Hex/placement_tile.gd" id="1_mgwqe"]
[ext_resource type="Script" path="res://Scripts/Engine/game_manager.gd" id="3_ka4ev"]
[ext_resource type="Script" path="res://UserInterface/user_interface.gd" id="4_gtrbc"]

[sub_resource type="PlaneMesh" id="PlaneMesh_djp8a"]
size = Vector2(50, 50)

[sub_resource type="Theme" id="Theme_hs46g"]

[sub_resource type="StyleBoxFlat" id="StyleBoxFlat_xvihc"]
bg_color = Color(0.0383972, 0.0383972, 0.0383971, 1)

[node name="Scene" type="Node3D"]

[node name="World" type="Node3D" parent="."]

[node name="HexGrid" type="Node3D" parent="World"]
transform = Transform3D(1, 0, 0, 0, 1, 0, 0, 0, 1, 0, 0.1, 0)

[node name="PlacementTile" parent="World/HexGrid" instance=ExtResource("1_dqcxa")]
script = ExtResource("1_mgwqe")

[node name="BackgroundMesh" type="MeshInstance3D" parent="World"]
material_override = ExtResource("1_1aeqb")
mesh = SubResource("PlaneMesh_djp8a")
skeleton = NodePath("")

[node name="Lights" type="Node3D" parent="."]

[node name="DirectionalLight3D" type="DirectionalLight3D" parent="Lights"]
transform = Transform3D(1, 0, 0, 0, 0.984808, 0.173648, 0, -0.173648, 0.984808, 0, 2, 0)

[node name="DirectionalLight3D2" type="DirectionalLight3D" parent="Lights"]
transform = Transform3D(-1, 1.51808e-08, -8.60946e-08, 0, 0.984808, 0.173648, 8.74228e-08, 0.173648, -0.984808, 0, 2, 0)

[node name="DirectionalLight3D3" type="DirectionalLight3D" parent="Lights"]
transform = Transform3D(-4.37114e-08, 0.173648, -0.984808, 0, 0.984808, 0.173648, 1, 7.5904e-09, -4.30473e-08, 0, 2, 0)

[node name="DirectionalLight3D4" type="DirectionalLight3D" parent="Lights"]
transform = Transform3D(-4.37114e-08, -0.173648, 0.984808, 0, 0.984808, 0.173648, -1, 7.5904e-09, -4.30473e-08, 0, 2, 0)

[node name="Camera3D" type="Camera3D" parent="."]
transform = Transform3D(1, 0, 0, 0, 0.34202, 0.939693, 0, -0.939693, 0.34202, 0, 3, 1.5)
size = 4.0

[node name="GameManager" type="Node3D" parent="." node_paths=PackedStringArray("_ui", "_hex_grid", "_camera")]
script = ExtResource("3_ka4ev")
_camera_speed = 8.0
_ui = NodePath("../UI")
_hex_grid = NodePath("../World/HexGrid")
_camera = NodePath("../Camera3D")

[node name="UI" type="CanvasLayer" parent="." node_paths=PackedStringArray("undo_button")]
script = ExtResource("4_gtrbc")
undo_button = NodePath("UndoControl/Button")

[node name="UndoControl" type="Control" parent="UI"]
layout_mode = 3
anchor_left = 0.9
anchor_top = 0.9
anchor_right = 1.0
anchor_bottom = 1.0
grow_horizontal = 0
grow_vertical = 0
theme = SubResource("Theme_hs46g")

[node name="Panel" type="Panel" parent="UI/UndoControl"]
layout_mode = 1
anchors_preset = -1
anchor_right = 1.0
anchor_bottom = 1.0
size_flags_horizontal = 3
theme_override_styles/panel = SubResource("StyleBoxFlat_xvihc")

[node name="Button" type="Button" parent="UI/UndoControl"]
layout_mode = 1
anchors_preset = -1
anchor_right = 1.0
anchor_bottom = 1.0
focus_mode = 0
text = "UNDO"
